[gd_scene load_steps=7 format=3 uid="uid://b0chvnwqypc5w"]

[ext_resource type="PackedScene" uid="uid://dejcckcindmi" path="res://objects/TimeMachine/TimeMachine.tscn" id="1_61w3m"]
[ext_resource type="PackedScene" uid="uid://c04j1g4ol567c" path="res://objects/Door/Door.tscn" id="1_b3oru"]
[ext_resource type="PackedScene" uid="uid://bd8nhihypihy" path="res://objects/Button/Button.tscn" id="2_ua5ty"]
[ext_resource type="PackedScene" uid="uid://m2v1kfj2ueib" path="res://objects/Player/Player.tscn" id="3_61w3m"]
[ext_resource type="PackedScene" uid="uid://dyitnhqobxy0o" path="res://objects/Hourglass/Hourglass.tscn" id="4_ua5ty"]
[ext_resource type="PackedScene" uid="uid://iy1xk4pxhgv5" path="res://objects/Box/Box.tscn" id="6_pdpul"]

[node name="Level" type="Node3D"]

[node name="Strucutre" type="CSGCombiner3D" parent="."]
use_collision = true

[node name="FloorA" type="CSGBox3D" parent="Strucutre"]
transform = Transform3D(1, 0, 0, 0, 1, 0, 0, 0, 1, -0.45288086, -0.5, 0)
size = Vector3(14.15, 1, 10)

[node name="FloorB" type="CSGBox3D" parent="Strucutre"]
transform = Transform3D(1, 0, 0, 0, 1, 0, 0, 0, 1, 8.546509, -0.5, 0)
size = Vector3(3.9069824, 1, 6)

[node name="WallA" type="CSGBox3D" parent="Strucutre"]
transform = Transform3D(1, 0, 0, 0, 1, 0, 0, 0, 1, -0.4385376, 1.5, 4.5)
size = Vector3(14.122925, 3, 1)

[node name="WallB" type="CSGBox3D" parent="Strucutre"]
transform = Transform3D(1, 0, 0, 0, 1, 0, 0, 0, 1, -0.45269775, 1.5, -4.5)
size = Vector3(14.0946045, 3, 1)

[node name="WallC" type="CSGBox3D" parent="Strucutre"]
transform = Transform3D(1, 0, 0, 0, 1, 0, 0, 0, 1, 6.506874, 1.5, 0)
size = Vector3(0.23268127, 3, 10)

[node name="CSGCylinder3D" type="CSGCylinder3D" parent="Strucutre/WallC"]
transform = Transform3D(-4.371139e-08, -1, 0, 1, -4.371139e-08, 0, 0, 0, 1, 0, -0.7704412, 0.025451034)
operation = 2
radius = 1.6777344
height = 0.24609375
sides = 16

[node name="WallD" type="CSGBox3D" parent="Strucutre"]
transform = Transform3D(1, 0, 0, 0, 1, 0, 0, 0, 1, -7, 1.5, 0)
size = Vector3(1, 3, 10)

[node name="WallE" type="CSGBox3D" parent="Strucutre"]
transform = Transform3D(1, 0, 0, 0, 1, 0, 0, 0, 1, 8.5, 1.5, -2.5)
size = Vector3(4, 3, 1)

[node name="WallF" type="CSGBox3D" parent="Strucutre"]
transform = Transform3D(1, 0, 0, 0, 1, 0, 0, 0, 1, 8.5, 1.5, 2.5)
size = Vector3(4, 3, 1)

[node name="WallG" type="CSGBox3D" parent="Strucutre"]
transform = Transform3D(1, 0, 0, 0, 1, 0, 0, 0, 1, 10, 1.5, 0)
size = Vector3(1, 3, 4)

[node name="WallH" type="CSGBox3D" parent="Strucutre"]
transform = Transform3D(1, 0, 0, 0, 1, 0, 0, 0, 1, -0.45269775, 1.5, -2.5)
size = Vector3(1, 3, 5)

[node name="Door" parent="." instance=ExtResource("1_b3oru")]
transform = Transform3D(-4.371139e-08, 0, 1, 0, 1, 0, -1, 0, -4.371139e-08, 6.5110564, 0, 0.0432311)

[node name="Button" parent="." instance=ExtResource("2_ua5ty")]
transform = Transform3D(1, 0, 0, 0, 1, 0, 0, 0, 1, -4.5394177, 0, 1.7248769)

[node name="Player" parent="." instance=ExtResource("3_61w3m")]
transform = Transform3D(-0.2622397, 0, -0.9650028, 0, 1, 0, 0.9650028, 0, -0.2622397, -2.8698957, 0, -2.1167483)
interact_range = 1.5

[node name="Perspective" type="Node3D" parent="."]

[node name="DirectionalLight3D" type="DirectionalLight3D" parent="Perspective"]
transform = Transform3D(0.95021594, -0.20039602, 0.23860256, 0.0091995895, 0.78346163, 0.62137216, -0.31145644, -0.58824265, 0.74630123, -0.065329194, 4.7984195, 0.6480267)

[node name="DirectionalLight3D2" type="DirectionalLight3D" parent="Perspective"]
transform = Transform3D(0.1517094, -0.69227934, -0.7055024, 0, -0.71376413, 0.7003862, -0.98842514, -0.106255166, -0.10828472, -0.077980995, 4.7677464, 0.6669822)

[node name="Hourglass" parent="." instance=ExtResource("4_ua5ty")]
transform = Transform3D(1, 0, 0, 0, 1, 0, 0, 0, 1, 7.9654922, 0.7729229, -0.1605506)

[node name="TimeMachine" parent="." instance=ExtResource("1_61w3m")]
transform = Transform3D(-0.44162688, 0, -0.5236322, 0, 0.685, 0, 0.5236322, 0, -0.44162688, -5.4581547, 4.7683716e-07, -3.0307827)

[node name="WordCube" parent="." instance=ExtResource("6_pdpul")]
transform = Transform3D(1, 0, 0, 0, 1, 0, 0, 0, 1, 1.9174166, 0.29358643, -2.3071728)

[connection signal="pressed" from="Button" to="Door" method="open_door"]
[connection signal="released" from="Button" to="Door" method="close_door"]
